# Created by Octave 4.0.3, Wed May 24 15:45:31 2017 CEST <marcin@marcin-debian>
# name: alpha_angles
# type: matrix
# rows: 25
# columns: 25
 29.29292929292929 36.26262626262626 43.23232323232323 51.36363636363636 59.49494949494949 67.62626262626262 75.75757575757575 85.05050505050505 94.34343434343434 102.4747474747475 109.4444444444444 116.4141414141414 122.2222222222222 125.7070707070707 129.1919191919192 132.6767676767677 132.6767676767677 133.8383838383838 133.8383838383838 132.6767676767677 132.6767676767677 130.3535353535353 129.1919191919192 128.030303030303 125.7070707070707
 28.13131313131313 35.1010101010101 42.07070707070707 50.2020202020202 58.33333333333333 66.46464646464646 74.59595959595958 82.72727272727272 90.85858585858585 98.98989898989899 104.7979797979798 111.7676767676768 117.5757575757576 122.2222222222222 125.7070707070707 126.8686868686869 129.1919191919192 130.3535353535353 130.3535353535353 129.1919191919192 129.1919191919192 128.030303030303 126.8686868686869 124.5454545454545 123.3838383838384
 29.29292929292929 36.26262626262626 43.23232323232323 49.04040404040404 57.17171717171717 64.14141414141415 72.27272727272727 79.24242424242425 88.53535353535354 94.34343434343434 102.4747474747475 107.1212121212121 114.0909090909091 117.5757575757576 121.060606060606 123.3838383838384 124.5454545454545 124.5454545454545 125.7070707070707 125.7070707070707 125.7070707070707 124.5454545454545 123.3838383838384 121.060606060606 119.8989898989899
 28.13131313131313 35.1010101010101 42.07070707070707 47.87878787878788 56.01010101010101 62.97979797979798 71.11111111111111 78.08080808080808 85.05050505050505 92.02020202020202 97.82828282828282 104.7979797979798 109.4444444444444 112.9292929292929 117.5757575757576 118.7373737373737 119.8989898989899 121.060606060606 122.2222222222222 122.2222222222222 122.2222222222222 121.060606060606 119.8989898989899 118.7373737373737 116.4141414141414
 29.29292929292929 35.1010101010101 40.90909090909091 47.87878787878788 54.84848484848484 61.81818181818181 69.94949494949495 75.75757575757575 82.72727272727272 88.53535353535354 94.34343434343434 100.1515151515151 104.7979797979798 109.4444444444444 112.9292929292929 115.2525252525252 116.4141414141414 118.7373737373737 118.7373737373737 118.7373737373737 118.7373737373737 118.7373737373737 116.4141414141414 116.4141414141414 114.0909090909091
 28.13131313131313 35.1010101010101 39.74747474747475 47.87878787878788 53.68686868686869 60.65656565656565 66.46464646464646 73.43434343434343 79.24242424242425 86.2121212121212 92.02020202020202 96.66666666666666 102.4747474747475 104.7979797979798 108.2828282828283 110.6060606060606 114.0909090909091 115.2525252525252 115.2525252525252 116.4141414141414 115.2525252525252 115.2525252525252 114.0909090909091 112.9292929292929 111.7676767676768
 26.96969696969697 33.93939393939394 39.74747474747475 46.71717171717172 52.52525252525253 58.33333333333333 65.3030303030303 71.11111111111111 78.08080808080808 82.72727272727272 88.53535353535354 94.34343434343434 97.82828282828282 102.4747474747475 105.959595959596 108.2828282828283 109.4444444444444 110.6060606060606 111.7676767676768 112.9292929292929 112.9292929292929 111.7676767676768 110.6060606060606 109.4444444444444 108.2828282828283
 26.96969696969697 32.77777777777778 38.58585858585859 45.55555555555556 51.36363636363636 57.17171717171717 64.14141414141415 69.94949494949495 74.59595959595958 81.56565656565655 86.2121212121212 90.85858585858585 94.34343434343434 98.98989898989899 101.3131313131313 103.6363636363636 107.1212121212121 108.2828282828283 109.4444444444444 108.2828282828283 109.4444444444444 108.2828282828283 108.2828282828283 107.1212121212121 105.959595959596
 25.80808080808081 31.61616161616162 37.42424242424242 44.39393939393939 49.04040404040404 56.01010101010101 61.81818181818181 67.62626262626262 73.43434343434343 78.08080808080808 82.72727272727272 88.53535353535354 92.02020202020202 94.34343434343434 98.98989898989899 101.3131313131313 102.4747474747475 104.7979797979798 104.7979797979798 105.959595959596 105.959595959596 105.959595959596 104.7979797979798 103.6363636363636 102.4747474747475
 25.80808080808081 31.61616161616162 37.42424242424242 42.07070707070707 47.87878787878788 54.84848484848484 59.49494949494949 65.3030303030303 71.11111111111111 75.75757575757575 81.56565656565655 85.05050505050505 88.53535353535354 92.02020202020202 95.50505050505051 97.82828282828282 100.1515151515151 101.3131313131313 102.4747474747475 103.6363636363636 102.4747474747475 102.4747474747475 102.4747474747475 101.3131313131313 100.1515151515151
 24.64646464646465 30.45454545454545 36.26262626262626 40.90909090909091 46.71717171717172 52.52525252525253 58.33333333333333 62.97979797979798 68.78787878787878 73.43434343434343 78.08080808080808 82.72727272727272 86.2121212121212 88.53535353535354 92.02020202020202 95.50505050505051 96.66666666666666 97.82828282828282 98.98989898989899 100.1515151515151 100.1515151515151 100.1515151515151 98.98989898989899 97.82828282828282 96.66666666666666
 23.48484848484848 29.29292929292929 35.1010101010101 39.74747474747475 45.55555555555556 51.36363636363636 56.01010101010101 61.81818181818181 66.46464646464646 71.11111111111111 75.75757575757575 79.24242424242425 82.72727272727272 86.2121212121212 88.53535353535354 90.85858585858585 93.18181818181817 94.34343434343434 95.50505050505051 96.66666666666666 96.66666666666666 96.66666666666666 96.66666666666666 95.50505050505051 94.34343434343434
 22.32323232323232 28.13131313131313 33.93939393939394 39.74747474747475 44.39393939393939 50.2020202020202 54.84848484848484 59.49494949494949 64.14141414141415 68.78787878787878 73.43434343434343 76.91919191919192 80.4040404040404 83.88888888888889 86.2121212121212 88.53535353535354 90.85858585858585 92.02020202020202 93.18181818181817 93.18181818181817 94.34343434343434 94.34343434343434 93.18181818181817 92.02020202020202 90.85858585858585
 22.32323232323232 26.96969696969697 32.77777777777778 37.42424242424242 43.23232323232323 47.87878787878788 52.52525252525253 57.17171717171717 61.81818181818181 66.46464646464646 69.94949494949495 74.59595959595958 78.08080808080808 80.4040404040404 83.88888888888889 86.2121212121212 87.37373737373737 88.53535353535354 89.69696969696969 90.85858585858585 90.85858585858585 90.85858585858585 90.85858585858585 89.69696969696969 88.53535353535354
 21.16161616161616 25.80808080808081 30.45454545454545 36.26262626262626 40.90909090909091 46.71717171717172 51.36363636363636 56.01010101010101 59.49494949494949 64.14141414141415 68.78787878787878 71.11111111111111 74.59595959595958 78.08080808080808 80.4040404040404 82.72727272727272 85.05050505050505 86.2121212121212 87.37373737373737 87.37373737373737 88.53535353535354 87.37373737373737 87.37373737373737 86.2121212121212 85.05050505050505
 20 24.64646464646465 29.29292929292929 35.1010101010101 39.74747474747475 44.39393939393939 49.04040404040404 53.68686868686869 57.17171717171717 61.81818181818181 65.3030303030303 68.78787878787878 72.27272727272727 74.59595959595958 78.08080808080808 80.4040404040404 81.56565656565655 82.72727272727272 83.88888888888889 85.05050505050505 85.05050505050505 85.05050505050505 85.05050505050505 83.88888888888889 82.72727272727272
 20 23.48484848484848 28.13131313131313 32.77777777777778 37.42424242424242 42.07070707070707 46.71717171717172 51.36363636363636 56.01010101010101 59.49494949494949 62.97979797979798 66.46464646464646 69.94949494949495 72.27272727272727 74.59595959595958 76.91919191919192 79.24242424242425 80.4040404040404 81.56565656565655 81.56565656565655 81.56565656565655 81.56565656565655 81.56565656565655 80.4040404040404 79.24242424242425
