# Created by Octave 4.2.0, Tue May 09 16:54:39 2017 GMT <unknown@unknown>
# name: alpha_angles
# type: matrix
# rows: 25
# columns: 25
 76.66666666666666 79.84848484848484 81.96969696969697 83.03030303030303 84.09090909090909 85.15151515151516 85.15151515151516 86.21212121212122 93.63636363636363 103.1818181818182 109.5454545454545 116.969696969697 122.2727272727273 127.5757575757576 130.7575757575758 131.8181818181818 132.8787878787879 133.9393939393939 133.9393939393939 132.8787878787879 131.8181818181818 130.7575757575758 129.6969696969697 127.5757575757576 125.4545454545455
 67.12121212121212 72.42424242424242 75.60606060606059 78.78787878787878 79.84848484848484 80.90909090909091 81.96969696969697 83.03030303030303 91.51515151515152 98.93939393939394 105.3030303030303 111.6666666666667 116.969696969697 122.2727272727273 125.4545454545455 127.5757575757576 128.6363636363636 129.6969696969697 129.6969696969697 128.6363636363636 128.6363636363636 127.5757575757576 126.5151515151515 124.3939393939394 122.2727272727273
 58.63636363636363 66.06060606060606 70.3030303030303 73.48484848484848 75.60606060606059 77.72727272727272 78.78787878787878 79.84848484848484 88.33333333333333 95.75757575757575 101.0606060606061 107.4242424242424 113.7878787878788 116.969696969697 120.1515151515151 123.3333333333333 124.3939393939394 125.4545454545455 125.4545454545455 125.4545454545455 125.4545454545455 124.3939393939394 123.3333333333333 121.2121212121212 120.1515151515151
 51.21212121212121 59.6969696969697 65 69.24242424242425 71.36363636363636 73.48484848484848 75.60606060606059 78.78787878787878 85.15151515151516 91.51515151515152 97.87878787878788 103.1818181818182 109.5454545454545 112.7272727272727 116.969696969697 119.0909090909091 120.1515151515151 121.2121212121212 122.2727272727273 122.2727272727273 122.2727272727273 121.2121212121212 120.1515151515151 119.0909090909091 116.969696969697
 44.84848484848484 54.39393939393939 59.6969696969697 65 68.18181818181819 70.3030303030303 72.42424242424242 75.60606060606059 81.96969696969697 88.33333333333333 95.75757575757575 101.0606060606061 105.3030303030303 109.5454545454545 112.7272727272727 114.8484848484848 116.969696969697 118.030303030303 119.0909090909091 119.0909090909091 119.0909090909091 118.030303030303 116.969696969697 115.9090909090909 113.7878787878788
 40.60606060606061 49.09090909090909 55.45454545454545 60.75757575757576 63.93939393939394 67.12121212121212 69.24242424242425 73.48484848484848 80.90909090909091 86.21212121212122 92.57575757575756 97.87878787878788 101.0606060606061 105.3030303030303 108.4848484848485 110.6060606060606 112.7272727272727 113.7878787878788 114.8484848484848 115.9090909090909 114.8484848484848 114.8484848484848 113.7878787878788 112.7272727272727 111.6666666666667
 36.36363636363636 44.84848484848484 51.21212121212121 56.51515151515152 60.75757575757576 63.93939393939394 67.12121212121212 71.36363636363636 77.72727272727272 84.09090909090909 88.33333333333333 93.63636363636363 97.87878787878788 102.1212121212121 105.3030303030303 107.4242424242424 109.5454545454545 110.6060606060606 111.6666666666667 112.7272727272727 112.7272727272727 111.6666666666667 110.6060606060606 109.5454545454545 108.4848484848485
 33.18181818181818 41.66666666666666 48.03030303030303 53.33333333333333 57.57575757575758 60.75757575757576 63.93939393939394 69.24242424242425 75.60606060606059 80.90909090909091 86.21212121212122 90.45454545454545 95.75757575757575 98.93939393939394 102.1212121212121 104.2424242424242 106.3636363636364 107.4242424242424 108.4848484848485 108.4848484848485 109.5454545454545 108.4848484848485 108.4848484848485 107.4242424242424 105.3030303030303
 30 38.48484848484848 44.84848484848484 50.15151515151515 54.39393939393939 58.63636363636363 61.81818181818181 67.12121212121212 72.42424242424242 77.72727272727272 83.03030303030303 87.27272727272727 92.57575757575756 95.75757575757575 97.87878787878788 101.0606060606061 103.1818181818182 104.2424242424242 105.3030303030303 106.3636363636364 106.3636363636364 106.3636363636364 105.3030303030303 104.2424242424242 103.1818181818182
 30 35.3030303030303 41.66666666666666 46.96969696969697 52.27272727272727 55.45454545454545 59.6969696969697 65 70.3030303030303 75.60606060606059 80.90909090909091 85.15151515151516 89.39393939393939 92.57575757575756 95.75757575757575 97.87878787878788 100 101.0606060606061 102.1212121212121 103.1818181818182 103.1818181818182 103.1818181818182 102.1212121212121 101.0606060606061 100
 30 33.18181818181818 39.54545454545455 44.84848484848484 49.09090909090909 53.33333333333333 58.63636363636363 63.93939393939394 69.24242424242425 73.48484848484848 77.72727272727272 83.03030303030303 86.21212121212122 89.39393939393939 92.57575757575756 94.69696969696969 96.81818181818181 97.87878787878788 98.93939393939394 100 100 100 98.93939393939394 97.87878787878788 96.81818181818181
 30 31.06060606060606 37.42424242424242 42.72727272727273 46.96969696969697 51.21212121212121 56.51515151515152 61.81818181818181 66.06060606060606 71.36363636363636 75.60606060606059 79.84848484848484 83.03030303030303 86.21212121212122 89.39393939393939 91.51515151515152 93.63636363636363 94.69696969696969 95.75757575757575 96.81818181818181 96.81818181818181 96.81818181818181 95.75757575757575 95.75757575757575 94.69696969696969
 30 30 35.3030303030303 40.60606060606061 44.84848484848484 49.09090909090909 54.39393939393939 59.6969696969697 63.93939393939394 69.24242424242425 73.48484848484848 76.66666666666666 79.84848484848484 84.09090909090909 86.21212121212122 88.33333333333333 90.45454545454545 91.51515151515152 93.63636363636363 93.63636363636363 93.63636363636363 93.63636363636363 93.63636363636363 92.57575757575756 91.51515151515152
 30 30 33.18181818181818 38.48484848484848 42.72727272727273 48.03030303030303 52.27272727272727 57.57575757575758 61.81818181818181 67.12121212121212 70.3030303030303 74.54545454545455 77.72727272727272 80.90909090909091 83.03030303030303 86.21212121212122 87.27272727272727 89.39393939393939 90.45454545454545 90.45454545454545 91.51515151515152 90.45454545454545 90.45454545454545 89.39393939393939 88.33333333333333
 30 30 31.06060606060606 36.36363636363636 41.66666666666666 45.90909090909091 51.21212121212121 55.45454545454545 59.6969696969697 63.93939393939394 68.18181818181819 71.36363636363636 75.60606060606059 77.72727272727272 80.90909090909091 83.03030303030303 85.15151515151516 86.21212121212122 87.27272727272727 87.27272727272727 88.33333333333333 88.33333333333333 87.27272727272727 86.21212121212122 85.15151515151516
 30 30 30 34.24242424242424 39.54545454545455 44.84848484848484 49.09090909090909 53.33333333333333 57.57575757575758 61.81818181818181 66.06060606060606 69.24242424242425 72.42424242424242 75.60606060606059 77.72727272727272 79.84848484848484 81.96969696969697 83.03030303030303 84.09090909090909 85.15151515151516 85.15151515151516 85.15151515151516 84.09090909090909 83.03030303030303 81.96969696969697
 30 30 30 33.18181818181818 37.42424242424242 42.72727272727273 46.96969696969697 51.21212121212121 55.45454545454545 59.6969696969697 62.87878787878788 67.12121212121212 70.3030303030303 72.42424242424242 74.54545454545455 77.72727272727272 78.78787878787878 79.84848484848484 80.90909090909091 81.96969696969697 81.96969696969697 81.96969696969697 81.96969696969697 80.90909090909091 78.78787878787878
 30 30 30 31.06060606060606 36.36363636363636 40.60606060606061 44.84848484848484 49.09090909090909 53.33333333333333 57.57575757575758 60.75757575757576 63.93939393939394 67.12121212121212 70.3030303030303 72.42424242424242 74.54545454545455 75.60606060606059 77.72727272727272 78.78787878787878 78.78787878787878 78.78787878787878 78.78787878787878 77.72727272727272 76.66666666666666 75.60606060606059
