# Created by Octave 4.2.0, Wed Feb 01 17:42:09 2017 GMT <unknown@unknown>
# name: alpha_angles
# type: matrix
# rows: 15
# columns: 15
 83.79310344827587 83.79310344827587 85.34482758620689 85.34482758620689 86.89655172413794 86.89655172413794 86.89655172413794 88.44827586206897 88.44827586206897 90 90 90 90 90 90
 82.24137931034483 82.24137931034483 83.79310344827587 83.79310344827587 85.34482758620689 85.34482758620689 86.89655172413794 86.89655172413794 86.89655172413794 88.44827586206897 88.44827586206897 90 90 90 90
 80.68965517241379 82.24137931034483 82.24137931034483 83.79310344827587 83.79310344827587 83.79310344827587 85.34482758620689 85.34482758620689 86.89655172413794 86.89655172413794 86.89655172413794 88.44827586206897 88.44827586206897 90 90
 80.68965517241379 80.68965517241379 80.68965517241379 82.24137931034483 82.24137931034483 83.79310344827587 83.79310344827587 83.79310344827587 85.34482758620689 85.34482758620689 86.89655172413794 86.89655172413794 86.89655172413794 88.44827586206897 88.44827586206897
 79.13793103448276 79.13793103448276 80.68965517241379 80.68965517241379 80.68965517241379 82.24137931034483 82.24137931034483 83.79310344827587 83.79310344827587 83.79310344827587 85.34482758620689 85.34482758620689 86.89655172413794 86.89655172413794 86.89655172413794
 77.58620689655172 79.13793103448276 79.13793103448276 79.13793103448276 80.68965517241379 80.68965517241379 80.68965517241379 82.24137931034483 82.24137931034483 83.79310344827587 83.79310344827587 83.79310344827587 85.34482758620689 85.34482758620689 86.89655172413794
 77.58620689655172 77.58620689655172 77.58620689655172 79.13793103448276 79.13793103448276 79.13793103448276 80.68965517241379 80.68965517241379 82.24137931034483 82.24137931034483 82.24137931034483 83.79310344827587 83.79310344827587 83.79310344827587 85.34482758620689
 76.0344827586207 76.0344827586207 77.58620689655172 77.58620689655172 77.58620689655172 79.13793103448276 79.13793103448276 79.13793103448276 80.68965517241379 80.68965517241379 80.68965517241379 82.24137931034483 82.24137931034483 83.79310344827587 83.79310344827587
 74.48275862068965 76.0344827586207 76.0344827586207 76.0344827586207 77.58620689655172 77.58620689655172 77.58620689655172 79.13793103448276 79.13793103448276 79.13793103448276 80.68965517241379 80.68965517241379 80.68965517241379 82.24137931034483 82.24137931034483
 74.48275862068965 74.48275862068965 74.48275862068965 76.0344827586207 76.0344827586207 76.0344827586207 77.58620689655172 77.58620689655172 77.58620689655172 79.13793103448276 79.13793103448276 79.13793103448276 80.68965517241379 80.68965517241379 80.68965517241379
 72.93103448275862 72.93103448275862 74.48275862068965 74.48275862068965 74.48275862068965 76.0344827586207 76.0344827586207 76.0344827586207 77.58620689655172 77.58620689655172 77.58620689655172 79.13793103448276 79.13793103448276 79.13793103448276 80.68965517241379
 71.37931034482759 72.93103448275862 72.93103448275862 72.93103448275862 74.48275862068965 74.48275862068965 74.48275862068965 76.0344827586207 76.0344827586207 76.0344827586207 77.58620689655172 77.58620689655172 77.58620689655172 79.13793103448276 79.13793103448276
 71.37931034482759 71.37931034482759 71.37931034482759 72.93103448275862 72.93103448275862 72.93103448275862 74.48275862068965 74.48275862068965 74.48275862068965 76.0344827586207 76.0344827586207 76.0344827586207 77.58620689655172 77.58620689655172 77.58620689655172
 69.82758620689656 69.82758620689656 71.37931034482759 71.37931034482759 71.37931034482759 72.93103448275862 72.93103448275862 72.93103448275862 74.48275862068965 74.48275862068965 74.48275862068965 74.48275862068965 76.0344827586207 76.0344827586207 76.0344827586207
 68.27586206896552 69.82758620689656 69.82758620689656 69.82758620689656 71.37931034482759 71.37931034482759 71.37931034482759 72.93103448275862 72.93103448275862 72.93103448275862 74.48275862068965 74.48275862068965 74.48275862068965 74.48275862068965 76.0344827586207


